+93
+27
+355
+213
+49
+376
+244
+1-268
+966
+54
+374
+61
+43
+994
+1-242
+973
+880
+1-246
+32
+501
+229
+975
+375
+95
+591
+387
+267
+55
+673
+359
+226
+257
+855
+237
+1
+238
+236
+56
+86
+357
+57
+269
+242
+243
+850
+82
+506
+225
+385
+53
+45
+253
+1-767
+20
+971
+593
+291
+34
+372
+1
+251
+679
+358
+33
+241
+220
+995
+233
+30
+1-473
+502
+224
+240
+245
+592
+509
+504
+36
+682
+677
+91
+62
+964
+98
+353
+354
+972
+39
+1-876
+81
+962
+7
+254
+996
+686
+383
+965
+856
+266
+371
+961
+231
+218
+423
+371
+352
+389
+261
+60
+265
+960
+223
+356
+212
+692
+230
+222
+52
+691
+373
+377
+976
+382
+258
+264
+674
+977
+505
+227
+234
+683
+47
+64
+968
+256
+7
+92
+680
+507
+675
+595
+31
+51
+63
+48
+351
+974
+1-809
+420
+40
+44
+7
+250
+34
+1-869
378
+1-784
+1-758
+503
+685
+239
+221
+381
+248
+232
+65
+421
+386
+252
+549
+211
+94
+46
+41
+597
+268
+963
+7
+886
+255
+235
+66
+670
+228
+676
+1-868
+216
+993
+90
+688
+380
+598
+678
+39
+58
+84
+967
+260
+263